   -0.2222
   -0.1481
   -0.0370
   -0.1111
   -0.3333
   -0.5556
   -0.5185
   -0.4444
   -0.3704
   -0.2593
   -0.0370
    0.1481
    0.3333
    0.4444
    0.4815
    0.4074
    0.2593
    0.0370
    0.0741
    0.1852
    0.2593
    0.4074
    0.5556
    0.3704
    0.0741
   -0.1481
   -0.2963
   -0.3704
   -0.4074
   -0.2593
   -0.1852
   -0.2222
   -0.2222
   -0.1852
   -0.2222
   -0.2963
   -0.3333
   -0.3704
   -0.3704
   -0.2963
   -0.1852
         0
    0.0741
    0.0741
         0
   -0.2222
   -0.4074
   -0.4074
   -0.3333
   -0.1852
   -0.0741
   -0.0370
   -0.0741
   -0.1852
   -0.2593
   -0.2593
   -0.1852
   -0.1481
   -0.0370
         0
    0.0741
    0.0741
    0.0370
    0.0741
    0.0370
    0.0741
    0.2222
    0.2593
    0.3333
    0.3704
    0.4074
    0.3704
    0.2593
    0.1481
    0.1111
    0.0741
         0
    0.0741
    0.0741
    0.0370
         0
   -0.0741
   -0.1111
   -0.1481
   -0.1852
   -0.1111
   -0.0741
   -0.0370
    0.0741
    0.1111
   -0.0370
   -0.1111
   -0.1111
   -0.1852
   -0.2222
   -0.1852
   -0.1111
   -0.0741
    0.0370
   -0.0370
   -0.0370
   -0.0370
   -0.1481
   -0.1852
   -0.1481
   -0.1111
   -0.0370
    0.0741
    0.1481
    0.1111
    0.1111
    0.0741
    0.0370
   -0.0370
         0
    0.1481
    0.1481
    0.1852
    0.1111
    0.0370
   -0.0370
   -0.1481
   -0.0370
         0
    0.1852
    0.4074
    0.4074
    0.2593
         0
   -0.2963
   -0.5185
   -0.5926
   -0.4074
   -0.1111
    0.0370
   -0.0370
   -0.2222
   -0.5185
   -0.7037
   -0.7037
   -0.4815
   -0.2593
   -0.0370
    0.0741
    0.0741
    0.1111
    0.0741
    0.0741
    0.1481
    0.2222
    0.1481
    0.2593
    0.4074
    0.5185
    0.4444
    0.4074
    0.2222
   -0.0741
   -0.2222
   -0.2593
   -0.1111
    0.0370
    0.1111
    0.1852
    0.0370
   -0.2222
   -0.4815
   -0.5185
   -0.4074
   -0.1852
   -0.0370
    0.0370
         0
   -0.0741
   -0.1481
   -0.2593
   -0.2593
   -0.2222
   -0.1111
   -0.0741
   -0.0741
         0
   -0.0370
   -0.1481
   -0.2593
   -0.3333
   -0.2593
   -0.2593
   -0.1111
    0.0741
    0.0741
   -0.0370
   -0.0741
   -0.1111
   -0.0741
   -0.0370
    0.1111
    0.2963
    0.2963
    0.2593
    0.1852
         0
   -0.1111
   -0.0370
    0.0741
    0.1111
    0.1111
    0.0741
         0
   -0.0370
   -0.1481
   -0.2222
   -0.1852
   -0.1852
   -0.1111
   -0.0370
    0.0741
    0.0370
   -0.0741
   -0.1111
   -0.0741
   -0.0741
    0.0370
    0.1852
    0.1852
    0.0741
    0.0370
         0
         0
    0.0741
    0.1111
    0.2222
    0.1852
    0.1111
    0.1111
         0
    0.0370
    0.0741
    0.2593
    0.6296
    0.7778
    0.5185
    0.1111
   -0.2963
   -0.7037
   -0.7407
   -0.3704
   -0.0741
    0.0741
         0
   -0.3333
   -0.7407
   -1.0000
   -0.9259
   -0.5556
   -0.1111
    0.1111
    0.2222
    0.0370
   -0.1111
   -0.1852
   -0.0741
    0.2222
    0.4074
    0.5556
    0.5556
    0.4444
    0.3704
    0.2222
    0.2222
    0.1481
    0.0741
   -0.0370
         0
    0.0741
    0.0370
   -0.0741
   -0.2593
   -0.4815
   -0.5926
   -0.5556
   -0.3333
   -0.0741
    0.0741
         0
   -0.2593
   -0.4444
   -0.5926
   -0.4815
   -0.1852
    0.1111
    0.1852
    0.0370
   -0.1852
   -0.5185
   -0.6667
   -0.5926
   -0.3704
   -0.0741
    0.0370
   -0.1111
   -0.2963
   -0.4444
   -0.3704
   -0.2593
   -0.1111
    0.1481
    0.2593
    0.3704
    0.2963
    0.2963
    0.3333
    0.2963
    0.2963
    0.3704
    0.4444
    0.4815
    0.4815
    0.3704
    0.2593