         0
         0
         0
         0
    0.0000
         0
         0
   -0.0087
         0
   -0.0087
         0
   -0.0087
   -0.0087
   -0.0087
   -0.0087
   -0.0087
         0
         0
   -0.0087
   -0.0087
    0.0000
         0
   -0.0087
   -0.0087
   -0.0174
   -0.0087
   -0.0087
   -0.0087
   -0.0174
   -0.0174
   -0.0174
   -0.0261
   -0.0087
   -0.0087
   -0.0174
   -0.0174
   -0.0087
   -0.0174
   -0.0174
         0
   -0.0087
   -0.0087
   -0.0174
   -0.0261
   -0.0261
   -0.0087
         0
   -0.0087
   -0.0174
   -0.0174
   -0.0087
   -0.0087
   -0.0174
   -0.0174
   -0.0087
   -0.0174
   -0.0174
   -0.0087
         0
         0
   -0.0087
         0
   -0.0087
   -0.0174
   -0.0261
   -0.0261
   -0.0174
   -0.0087
         0
   -0.0087
   -0.0174
   -0.0087
         0
   -0.0087
   -0.0087
         0
    0.0087
    0.0261
    0.0174
    0.0174
    0.0174
    0.0261
    0.0174
    0.0261
    0.0174
    0.0087
   -0.0087
   -0.0348
   -0.0435
   -0.0348
   -0.0348
   -0.0435
   -0.0348
   -0.0261
   -0.0348
   -0.0261
   -0.0261
   -0.0348
   -0.0261
   -0.0348
   -0.0348
   -0.0174
    0.0087
    0.0174
    0.0348
    0.0435
    0.0435
    0.0435
    0.0522
    0.0435
    0.0348
    0.0348
    0.0174
    0.0261
    0.0174
    0.0087
    0.0174
    0.0087
         0
   -0.0174
   -0.0261
   -0.0348
   -0.0435
   -0.0348
   -0.0435
   -0.0348
   -0.0348
   -0.0348
   -0.0348
   -0.0435
   -0.0348
   -0.0435
   -0.0522
   -0.0435
   -0.0348
   -0.0348
   -0.0261
   -0.0174
   -0.0261
   -0.0174
   -0.0261
   -0.0261
   -0.0174
   -0.0261
   -0.0261
   -0.0174
   -0.0087
   -0.0087
         0
    0.0087
    0.0174
    0.0174
    0.0087
    0.0261
    0.0261
    0.0174
    0.0174
    0.0261
    0.0261
    0.0174
    0.0261
    0.0174
    0.0174
    0.0174
    0.0087
    0.0087
         0
         0
   -0.0087
   -0.0087
   -0.0174
   -0.0174
   -0.0261
   -0.0261
   -0.0261
   -0.0174
   -0.0174
   -0.0261
   -0.0174
   -0.0174
   -0.0087
         0
   -0.0087
   -0.0174
   -0.0087
   -0.0174
   -0.0087
    0.0087
         0
    0.0000
         0
    0.0087
    0.0174
    0.0174
    0.0261
    0.0174
    0.0174
    0.0087
         0
    0.0087
    0.0087
    0.0261
    0.0522
    0.0609
    0.0435
    0.0174
   -0.0087
   -0.0522
   -0.0783
   -0.0870
   -0.0696
   -0.0609
   -0.0522
   -0.0348
   -0.0435
   -0.0696
   -0.0783
   -0.0696
   -0.0783
   -0.0783
   -0.0609
   -0.0261
         0
    0.0174
    0.0435
    0.0609
    0.0522
    0.0435
    0.0261
    0.0174
    0.0261
    0.0435
    0.0522
    0.0609
    0.0522
    0.0435
    0.0348
    0.0087
   -0.0174
   -0.0261
   -0.0348
   -0.0522
   -0.0522
   -0.0435
   -0.0522
   -0.0522
   -0.0609
   -0.0696
   -0.0783
   -0.0783
   -0.0696
   -0.0609
   -0.0435
   -0.0174
   -0.0087
   -0.0174
   -0.0174
   -0.0261
   -0.0261
   -0.0087
   -0.0087
   -0.0174
   -0.0174
   -0.0087
    0.0087
    0.0174
    0.0087
         0
   -0.0087
   -0.0087
         0
         0
    0.0087
    0.0087
    0.0174
    0.0174
    0.0087
    0.0174
    0.0087
    0.0087
    0.0174
    0.0087
    0.0174
    0.0174
    0.0261
    0.0261
    0.0174
    0.0087
   -0.0087
   -0.0174
   -0.0261
   -0.0261
   -0.0348
   -0.0261
   -0.0174
   -0.0261
   -0.0261
   -0.0261
   -0.0261
   -0.0261
   -0.0174
         0
         0
    0.0087
         0
    0.0087
    0.0348
    0.0348
    0.0348
    0.0348
    0.0435
    0.0957
    0.1304
    0.1217
    0.0783
    0.0348
   -0.0348
   -0.1130
   -0.1478
   -0.1043