   -0.0652
   -0.0554
   -0.0422
   -0.0272
   -0.0123
    0.0006
    0.0102
    0.0160
    0.0183
    0.0183
    0.0182
    0.0203
    0.0273
    0.0410
    0.0628
    0.0924
    0.1281
    0.1666
    0.2038
    0.2351
    0.2563
    0.2648
    0.2601
    0.2435
    0.2185
    0.1897
    0.1617
    0.1386
    0.1230
    0.1158
    0.1166
    0.1234
    0.1340
    0.1458
    0.1565
    0.1644
    0.1685
    0.1686
    0.1649
    0.1583
    0.1503
    0.1425
    0.1363
    0.1329
    0.1325
    0.1347
    0.1378
    0.1398
    0.1383
    0.1317
    0.1193
    0.1022
    0.0834
    0.0670
    0.0578
    0.0599
    0.0761
    0.1065
    0.1485
    0.1965
    0.2432
    0.2802
    0.2995
    0.2950
    0.2632
    0.2042
    0.1211
    0.0199
   -0.0917
   -0.2055
   -0.3138
   -0.4105
   -0.4911
   -0.5536
   -0.5975
   -0.6239
   -0.6347
   -0.6325
   -0.6199
   -0.5991
   -0.5719
   -0.5395
   -0.5023
   -0.4602
   -0.4122
   -0.3572
   -0.2942
   -0.2224
   -0.1419
   -0.0539
    0.0389
    0.1328
    0.2233
    0.3052
    0.3742
    0.4267
    0.4608
    0.4766
    0.4758
    0.4619
    0.4391
    0.4124
    0.3861
    0.3637
    0.3475
    0.3382
    0.3351
    0.3362
    0.3387
    0.3398
    0.3365
    0.3267
    0.3092
    0.2843
    0.2533
    0.2189
    0.1848
    0.1548
    0.1324
    0.1200
    0.1186
    0.1271
    0.1429
    0.1624
    0.1816
    0.1972
    0.2068
    0.2099
    0.2074
    0.2013
    0.1940
    0.1878
    0.1846
    0.1851
    0.1892
    0.1960
    0.2045
    0.2132
    0.2209
    0.2260
    0.2272
    0.2228
    0.2110
    0.1903
    0.1598
    0.1199
    0.0721
    0.0197
   -0.0329
   -0.0811
   -0.1206
   -0.1485
   -0.1641
   -0.1685
   -0.1647
   -0.1569
   -0.1493
   -0.1454
   -0.1476
   -0.1564
   -0.1711
   -0.1898
   -0.2100
   -0.2295
   -0.2465
   -0.2599
   -0.2692
   -0.2743
   -0.2755
   -0.2730
   -0.2670
   -0.2575
   -0.2448
   -0.2293
   -0.2116
   -0.1928
   -0.1741
   -0.1564
   -0.1403
   -0.1259
   -0.1126
   -0.0997
   -0.0860
   -0.0706
   -0.0532
   -0.0338
   -0.0133
    0.0071
    0.0260
    0.0419
    0.0536
    0.0601
    0.0612
    0.0567
    0.0470
    0.0325
    0.0137
   -0.0090
   -0.0351
   -0.0643
   -0.0961
   -0.1296
   -0.1639
   -0.1972
   -0.2278
   -0.2537
   -0.2727
   -0.2832
   -0.2840
   -0.2741
   -0.2534
   -0.2222
   -0.1812
   -0.1317
   -0.0756
   -0.0152
    0.0463
    0.1055
    0.1591
    0.2042
    0.2391
    0.2632
    0.2775
    0.2840
    0.2853
    0.2838
    0.2810
    0.2776
    0.2729
    0.2655
    0.2534
    0.2353
    0.2103
    0.1785
    0.1412
    0.1001
    0.0575
    0.0153
   -0.0247
   -0.0618
   -0.0955
   -0.1258
   -0.1526
   -0.1755
   -0.1939
   -0.2065
   -0.2119
   -0.2090
   -0.1971
   -0.1763
   -0.1478
   -0.1138
   -0.0772
   -0.0413
   -0.0098
    0.0144
    0.0287
    0.0314
    0.0221
    0.0009
   -0.0308
   -0.0710
   -0.1172
   -0.1664
   -0.2155
   -0.2612
   -0.3006
   -0.3308
   -0.3494
   -0.3548
   -0.3460
   -0.3234
   -0.2883
   -0.2436
   -0.1931
   -0.1413
   -0.0928
   -0.0516
   -0.0203
   -0.0003
    0.0087
    0.0077
   -0.0013
   -0.0165
   -0.0360
   -0.0585
   -0.0824
   -0.1061
   -0.1274
   -0.1439
   -0.1532
   -0.1531
   -0.1429
   -0.1228
   -0.0948
   -0.0619
   -0.0280
    0.0035
    0.0296
    0.0488
    0.0612
    0.0681
    0.0717
    0.0748
    0.0795
    0.0872
    0.0983
    0.1119
    0.1260
    0.1384
    0.1467
    0.1492
    0.1451
    0.1346
    0.1187
    0.0993
    0.0784
    0.0583
    0.0403
    0.0256