    0.8271
    0.6045
    0.7916
    0.1608
    0.6112
    0.2555
    0.5682
    0.0599
    0.6644
    0.1129
    0.0615
    0.3525
    0.3227
    0.4334
    0.2281
    0.7220
    0.2353
    0.2850
    0.4107
    0.2008
    0.3712
    0.4235
    0.4876
    0.4235
    0.5751
    0.6734
    0.7356
    0.7138
    0.3874
    0.2404
    0.1663
    0.1663
    0.2850
    0.3684
    0.1738
    0.4364
    0.7220
    0.4675
    0.2353
    0.1720
    0.1779
    0.4434
    0.2769
    0.0689
    0.2141
    0.2712
    0.2633
    0.4806
    0.0885
    0.2555
    0.5682
    0.2850
    0.8422
    0.5281
    0.6303
    0.9325
    0.0622
    0.8823
    0.6707
    0.8917
    0.6489
    0.5552
    0.7510
    0.2331
    0.2933
    0.6045
    0.6303
    0.9585
    0.9343
    0.3227
    0.7982
    0.2210
    0.9391
    0.5079
    0.7379
    0.8750
    0.4705
    0.4434
    0.5652
    0.8659
    0.8970
    0.9713
    0.5652
    0.5180
    0.4039
    0.9435
    0.5781
    0.5947
    0.3970
    0.7916
    0.7220
    0.7916
    0.2850
    0.7659
    0.7379
    0.7138
    0.4876
    0.6303
    0.5311
    0.3525